#   time            Cubic	   Hexagonal 
   1.0000000e-01   1.6966667e+03   9.4373333e+02
   2.0000000e-01   2.0042667e+03   1.1154667e+03
   3.0000000e-01   2.3062667e+03   1.2026000e+03
   4.0000000e-01   2.6841333e+03   1.2570667e+03
   5.0000000e-01   2.9662000e+03   1.3135333e+03
   6.0000000e-01   3.2215333e+03   1.3381333e+03
   7.0000000e-01   3.5528000e+03   1.3960667e+03
   8.0000000e-01   4.0015333e+03   1.4439333e+03
   9.0000000e-01   4.4634000e+03   1.5100000e+03
   1.0000000e+00   5.0094667e+03   1.6164667e+03
   1.1000000e+00   5.6483333e+03   1.7198000e+03
   1.2000000e+00   6.3244667e+03   1.7928667e+03
   1.3000000e+00   7.1088000e+03   1.8690667e+03
   1.4000000e+00   7.9316000e+03   1.9391333e+03
   1.5000000e+00   8.5970000e+03   1.9734000e+03
   1.6000000e+00   9.3754000e+03   2.0228000e+03
   1.7000000e+00   1.0082800e+04   2.0408000e+03
   1.8000000e+00   1.0607067e+04   2.0817333e+03
   1.9000000e+00   1.1170600e+04   2.0868667e+03
   2.0000000e+00   1.1566333e+04   2.0862667e+03
   2.1000000e+00   1.1873600e+04   2.0744000e+03
   2.2000000e+00   1.2052067e+04   2.0746000e+03
   2.3000000e+00   1.2167467e+04   2.0695333e+03
   2.4000000e+00   1.2217067e+04   2.0866667e+03
   2.5000000e+00   1.2312867e+04   2.1047333e+03
   2.6000000e+00   1.2309533e+04   2.0635333e+03
   2.7000000e+00   1.2380933e+04   2.0926667e+03
   2.8000000e+00   1.2387333e+04   2.1097333e+03
   2.9000000e+00   1.2399467e+04   2.1158000e+03
   3.0000000e+00   1.2435267e+04   2.1028667e+03
   3.1000000e+00   1.2361200e+04   2.1030667e+03
   3.2000000e+00   1.2390600e+04   2.1074000e+03
   3.3000000e+00   1.2420467e+04   2.0765333e+03
   3.4000000e+00   1.2441533e+04   2.0946000e+03
   3.5000000e+00   1.2414533e+04   2.0798000e+03
   3.6000000e+00   1.2424867e+04   2.0823333e+03
   3.7000000e+00   1.2482733e+04   2.0764667e+03
   3.8000000e+00   1.2452400e+04   2.1000000e+03
   3.9000000e+00   1.2483733e+04   2.0982000e+03
   4.0000000e+00   1.2472000e+04   2.1018000e+03
   4.1000000e+00   1.2488533e+04   2.1040000e+03
   4.2000000e+00   1.2466533e+04   2.0925333e+03
   4.3000000e+00   1.2452867e+04   2.0778667e+03
   4.4000000e+00   1.2465400e+04   2.1328667e+03
   4.5000000e+00   1.2449200e+04   2.1166667e+03
   4.6000000e+00   1.2416733e+04   2.1030000e+03
   4.7000000e+00   1.2426867e+04   2.1258667e+03
   4.8000000e+00   1.2421667e+04   2.0870667e+03
   4.9000000e+00   1.2432000e+04   2.1086667e+03
   5.0000000e+00   1.2478267e+04   2.0951333e+03
   5.1000000e+00   1.2493933e+04   2.0850000e+03
   5.2000000e+00   1.2522533e+04   2.0786000e+03
   5.3000000e+00   1.2538600e+04   2.0696000e+03
   5.4000000e+00   1.2557067e+04   2.0807333e+03
   5.5000000e+00   1.2545133e+04   2.0782667e+03
   5.6000000e+00   1.2540267e+04   2.0946667e+03
   5.7000000e+00   1.2533400e+04   2.1112667e+03
   5.8000000e+00   1.2527467e+04   2.0833333e+03
   5.9000000e+00   1.2501800e+04   2.0943333e+03
   6.0000000e+00   1.2460133e+04   2.0897333e+03
   6.1000000e+00   1.2447267e+04   2.1104667e+03
   6.2000000e+00   1.2462333e+04   2.1139333e+03
   6.3000000e+00   1.2462667e+04   2.0924000e+03
   6.4000000e+00   1.2428733e+04   2.0990000e+03
   6.5000000e+00   1.2449400e+04   2.0850667e+03
   6.6000000e+00   1.2449933e+04   2.1158667e+03
   6.7000000e+00   1.2455867e+04   2.0963333e+03
   6.8000000e+00   1.2522733e+04   2.0828000e+03
   6.9000000e+00   1.2474200e+04   2.0714000e+03
   7.0000000e+00   1.2487267e+04   2.0898667e+03
   7.1000000e+00   1.2443867e+04   2.1189333e+03
   7.2000000e+00   1.2433533e+04   2.1101333e+03
   7.3000000e+00   1.2404933e+04   2.1020667e+03
   7.4000000e+00   1.2451933e+04   2.1014000e+03
   7.5000000e+00   1.2494133e+04   2.0730000e+03
   7.6000000e+00   1.2492267e+04   2.0938667e+03
   7.7000000e+00   1.2491800e+04   2.0895333e+03
   7.8000000e+00   1.2464733e+04   2.1059333e+03
   7.9000000e+00   1.2457133e+04   2.0898667e+03
   8.0000000e+00   1.2464467e+04   2.0924000e+03
   8.1000000e+00   1.2483333e+04   2.0846667e+03
   8.2000000e+00   1.2473933e+04   2.0650000e+03
   8.3000000e+00   1.2511133e+04   2.0662000e+03
   8.4000000e+00   1.2502067e+04   2.0979333e+03
   8.5000000e+00   1.2524467e+04   2.0766667e+03
   8.6000000e+00   1.2536467e+04   2.0761333e+03
   8.7000000e+00   1.2523400e+04   2.0867333e+03
   8.8000000e+00   1.2578467e+04   2.0781333e+03
   8.9000000e+00   1.2514200e+04   2.0831333e+03
   9.0000000e+00   1.2510600e+04   2.0949333e+03
   9.1000000e+00   1.2505067e+04   2.0867333e+03
   9.2000000e+00   1.2515800e+04   2.0760000e+03
   9.3000000e+00   1.2501000e+04   2.0747333e+03
   9.4000000e+00   1.2489533e+04   2.0673333e+03
   9.5000000e+00   1.2558000e+04   2.0605333e+03
   9.6000000e+00   1.2529400e+04   2.1074000e+03
   9.7000000e+00   1.2479400e+04   2.0807333e+03
   9.8000000e+00   1.2520333e+04   2.0716667e+03
   9.9000000e+00   1.2511733e+04   2.0790667e+03
   1.0000000e+01   1.2483267e+04   2.0760000e+03
   1.0100000e+01   1.2443933e+04   2.0970667e+03
   1.0200000e+01   1.2453867e+04   2.0952000e+03
   1.0300000e+01   1.2413000e+04   2.0920000e+03
   1.0400000e+01   1.2465200e+04   2.1048667e+03
   1.0500000e+01   1.2507467e+04   2.0786000e+03
   1.0600000e+01   1.2471000e+04   2.0749333e+03
   1.0700000e+01   1.2473867e+04   2.0829333e+03
   1.0800000e+01   1.2493133e+04   2.0822667e+03
   1.0900000e+01   1.2495533e+04   2.0783333e+03
   1.1000000e+01   1.2472667e+04   2.0814667e+03
   1.1100000e+01   1.2425133e+04   2.0922667e+03
   1.1200000e+01   1.2445533e+04   2.0942000e+03
   1.1300000e+01   1.2440800e+04   2.0885333e+03
   1.1400000e+01   1.2493467e+04   2.0753333e+03
   1.1500000e+01   1.2484933e+04   2.0915333e+03
   1.1600000e+01   1.2488400e+04   2.0856667e+03
   1.1700000e+01   1.2480533e+04   2.1080000e+03
   1.1800000e+01   1.2495200e+04   2.1209333e+03
   1.1900000e+01   1.2536067e+04   2.0732000e+03
   1.2000000e+01   1.2496800e+04   2.0772000e+03
   1.2100000e+01   1.2510933e+04   2.1059333e+03
   1.2200000e+01   1.2511067e+04   2.0776667e+03
   1.2300000e+01   1.2516533e+04   2.1059333e+03
   1.2400000e+01   1.2484067e+04   2.0931333e+03
   1.2500000e+01   1.2442600e+04   2.0716000e+03
   1.2600000e+01   1.2403400e+04   2.0926667e+03
   1.2700000e+01   1.2442867e+04   2.0843333e+03
   1.2800000e+01   1.2488200e+04   2.0689333e+03
   1.2900000e+01   1.2523667e+04   2.0769333e+03
   1.3000000e+01   1.2498067e+04   2.0724000e+03
   1.3100000e+01   1.2488467e+04   2.0834667e+03
   1.3200000e+01   1.2522133e+04   2.0883333e+03
   1.3300000e+01   1.2473067e+04   2.0904000e+03
   1.3400000e+01   1.2474667e+04   2.0967333e+03
   1.3500000e+01   1.2478533e+04   2.0981333e+03
   1.3600000e+01   1.2492467e+04   2.1026000e+03
   1.3700000e+01   1.2479867e+04   2.0842000e+03
   1.3800000e+01   1.2457067e+04   2.1165333e+03
   1.3900000e+01   1.2506600e+04   2.1004667e+03
   1.4000000e+01   1.2468000e+04   2.0884000e+03
   1.4100000e+01   1.2487000e+04   2.1073333e+03
   1.4200000e+01   1.2490133e+04   2.1003333e+03
   1.4300000e+01   1.2451733e+04   2.0890667e+03
   1.4400000e+01   1.2511400e+04   2.0853333e+03
   1.4500000e+01   1.2530467e+04   2.1012000e+03
   1.4600000e+01   1.2555267e+04   2.0853333e+03
   1.4700000e+01   1.2504000e+04   2.0781333e+03
   1.4800000e+01   1.2497067e+04   2.0628000e+03
   1.4900000e+01   1.2500933e+04   2.0662000e+03
   1.5000000e+01   1.2517600e+04   2.0794000e+03
   1.5100000e+01   1.2474333e+04   2.0859333e+03
   1.5200000e+01   1.2486667e+04   2.0873333e+03
   1.5300000e+01   1.2480133e+04   2.0874000e+03
   1.5400000e+01   1.2486933e+04   2.0967333e+03
   1.5500000e+01   1.2549733e+04   2.0780000e+03
   1.5600000e+01   1.2557600e+04   2.0650667e+03
   1.5700000e+01   1.2524600e+04   2.0730667e+03
   1.5800000e+01   1.2527133e+04   2.0922000e+03
   1.5900000e+01   1.2502667e+04   2.0861333e+03
   1.6000000e+01   1.2476333e+04   2.0728667e+03
   1.6100000e+01   1.2475467e+04   2.0762667e+03
   1.6200000e+01   1.2499600e+04   2.0732000e+03
   1.6300000e+01   1.2480200e+04   2.0720000e+03
   1.6400000e+01   1.2460000e+04   2.0645333e+03
   1.6500000e+01   1.2451667e+04   2.1018000e+03
   1.6600000e+01   1.2453800e+04   2.0792000e+03
   1.6700000e+01   1.2514267e+04   2.0844667e+03
   1.6800000e+01   1.2482333e+04   2.0856667e+03
   1.6900000e+01   1.2493067e+04   2.1056000e+03
   1.7000000e+01   1.2475733e+04   2.0832667e+03
   1.7100000e+01   1.2548133e+04   2.0561333e+03
   1.7200000e+01   1.2545000e+04   2.0749333e+03
   1.7300000e+01   1.2523333e+04   2.0531333e+03
   1.7400000e+01   1.2503067e+04   2.0532000e+03
   1.7500000e+01   1.2475000e+04   2.0820667e+03
   1.7600000e+01   1.2492733e+04   2.0500000e+03
   1.7700000e+01   1.2502067e+04   2.0622667e+03
   1.7800000e+01   1.2496200e+04   2.0650667e+03
   1.7900000e+01   1.2516867e+04   2.0724667e+03
   1.8000000e+01   1.2463800e+04   2.1126667e+03
   1.8100000e+01   1.2483333e+04   2.0699333e+03
   1.8200000e+01   1.2475267e+04   2.0629333e+03
   1.8300000e+01   1.2516000e+04   2.0688000e+03
   1.8400000e+01   1.2535933e+04   2.0874667e+03
   1.8500000e+01   1.2546533e+04   2.0872000e+03
   1.8600000e+01   1.2560000e+04   2.0813333e+03
   1.8700000e+01   1.2519867e+04   2.1053333e+03
   1.8800000e+01   1.2552667e+04   2.0963333e+03
   1.8900000e+01   1.2608333e+04   2.1049333e+03
   1.9000000e+01   1.2545000e+04   2.1194667e+03
   1.9100000e+01   1.2579800e+04   2.0727333e+03
   1.9200000e+01   1.2560533e+04   2.0436667e+03
   1.9300000e+01   1.2567533e+04   2.0679333e+03
   1.9400000e+01   1.2594533e+04   2.0800667e+03
   1.9500000e+01   1.2547933e+04   2.1054000e+03
   1.9600000e+01   1.2532600e+04   2.0924667e+03
   1.9700000e+01   1.2546333e+04   2.0789333e+03
   1.9800000e+01   1.2566600e+04   2.0853333e+03
   1.9900000e+01   1.2563933e+04   2.0644000e+03
   2.0000000e+01   1.2535467e+04   2.0829333e+03
