#   time            Cubic	   Hexagonal 
   0.0000000e+00   2.3180000e+02   9.7346667e+02
   1.0000000e-01   2.7020000e+02   1.2537333e+03
   2.0000000e-01   2.8193333e+02   1.4399333e+03
   3.0000000e-01   3.2973333e+02   1.5204667e+03
   4.0000000e-01   3.8206667e+02   1.7316667e+03
   5.0000000e-01   4.2440000e+02   1.7316000e+03
   6.0000000e-01   4.9706667e+02   1.8656000e+03
   7.0000000e-01   5.3886667e+02   1.8848000e+03
   8.0000000e-01   6.5580000e+02   2.0065333e+03
   9.0000000e-01   7.0660000e+02   2.0696667e+03
   1.0000000e+00   7.6773333e+02   2.0429333e+03
   1.1000000e+00   8.9126667e+02   2.1633333e+03
   1.2000000e+00   9.9166667e+02   2.1820667e+03
   1.3000000e+00   1.1124667e+03   2.2124000e+03
   1.4000000e+00   1.2212000e+03   2.2999333e+03
   1.5000000e+00   1.2762667e+03   2.2857333e+03
   1.6000000e+00   1.3989333e+03   2.2731333e+03
   1.7000000e+00   1.4690667e+03   2.3044000e+03
   1.8000000e+00   1.5302667e+03   2.3216667e+03
   1.9000000e+00   1.6014667e+03   2.3750667e+03
   2.0000000e+00   1.6529333e+03   2.4384667e+03
   2.1000000e+00   1.7170667e+03   2.5685333e+03
   2.2000000e+00   1.7678667e+03   2.6249333e+03
   2.3000000e+00   1.8013333e+03   2.7298667e+03
   2.4000000e+00   1.8726000e+03   2.7801333e+03
   2.5000000e+00   1.9147333e+03   2.7682000e+03
   2.6000000e+00   1.9586000e+03   2.8734667e+03
   2.7000000e+00   2.0124000e+03   2.9096000e+03
   2.8000000e+00   2.0501333e+03   3.0167333e+03
   2.9000000e+00   2.0986667e+03   3.0895333e+03
   3.0000000e+00   2.1446000e+03   3.1712667e+03
   3.1000000e+00   2.1792000e+03   3.1516667e+03
   3.2000000e+00   2.2170000e+03   3.2478000e+03
   3.3000000e+00   2.2556667e+03   3.2731333e+03
   3.4000000e+00   2.3183333e+03   3.3487333e+03
   3.5000000e+00   2.3362667e+03   3.4627333e+03
   3.6000000e+00   2.3862000e+03   3.5138000e+03
   3.7000000e+00   2.4107333e+03   3.5890000e+03
   3.8000000e+00   2.4744667e+03   3.7112667e+03
   3.9000000e+00   2.4934000e+03   3.7240667e+03
   4.0000000e+00   2.5005333e+03   3.7146000e+03
   4.1000000e+00   2.5266000e+03   3.7887333e+03
   4.2000000e+00   2.5334667e+03   3.8792000e+03
   4.3000000e+00   2.5526000e+03   3.8726667e+03
   4.4000000e+00   2.6110667e+03   3.9648000e+03
   4.5000000e+00   2.6406667e+03   4.0105333e+03
   4.6000000e+00   2.6834667e+03   4.1080000e+03
   4.7000000e+00   2.7168000e+03   4.0878000e+03
   4.8000000e+00   2.7356667e+03   4.2381333e+03
   4.9000000e+00   2.7674000e+03   4.3155333e+03
   5.0000000e+00   2.7778667e+03   4.3310667e+03
   5.1000000e+00   2.7956667e+03   4.4223333e+03
   5.2000000e+00   2.8462667e+03   4.5556667e+03
   5.3000000e+00   2.8478000e+03   4.5802667e+03
   5.4000000e+00   2.8652000e+03   4.6856000e+03
   5.5000000e+00   2.8952000e+03   4.7444667e+03
   5.6000000e+00   2.9182000e+03   4.8262000e+03
   5.7000000e+00   2.9244667e+03   4.8200000e+03
   5.8000000e+00   2.9570000e+03   4.9161333e+03
   5.9000000e+00   2.9714000e+03   4.9890667e+03
   6.0000000e+00   2.9828667e+03   5.0475333e+03
   6.1000000e+00   3.0136000e+03   5.1290667e+03
   6.2000000e+00   3.0338667e+03   5.2529333e+03
   6.3000000e+00   3.0540667e+03   5.2736667e+03
   6.4000000e+00   3.0598000e+03   5.3416667e+03
   6.5000000e+00   3.0903333e+03   5.4500000e+03
   6.6000000e+00   3.1074000e+03   5.5094667e+03
   6.7000000e+00   3.1097333e+03   5.5803333e+03
   6.8000000e+00   3.1123333e+03   5.6535333e+03
   6.9000000e+00   3.1128667e+03   5.6980000e+03
   7.0000000e+00   3.0982000e+03   5.6988667e+03
   7.1000000e+00   3.1121333e+03   5.7340667e+03
   7.2000000e+00   3.1346667e+03   5.8782000e+03
   7.3000000e+00   3.1579333e+03   5.9039333e+03
   7.4000000e+00   3.1685333e+03   5.9914000e+03
   7.5000000e+00   3.1926667e+03   6.0638667e+03
   7.6000000e+00   3.2109333e+03   6.1396000e+03
   7.7000000e+00   3.2126000e+03   6.2384000e+03
   7.8000000e+00   3.1996000e+03   6.2830667e+03
   7.9000000e+00   3.2376667e+03   6.4048000e+03
   8.0000000e+00   3.2417333e+03   6.4180000e+03
   8.1000000e+00   3.2308667e+03   6.4034667e+03
   8.2000000e+00   3.2593333e+03   6.4499333e+03
   8.3000000e+00   3.2666667e+03   6.5435333e+03
   8.4000000e+00   3.2822000e+03   6.6758000e+03
   8.5000000e+00   3.2740667e+03   6.7522667e+03
   8.6000000e+00   3.2754667e+03   6.7818000e+03
   8.7000000e+00   3.2664667e+03   6.8316000e+03
   8.8000000e+00   3.2706667e+03   6.9925333e+03
   8.9000000e+00   3.2936000e+03   7.1088000e+03
   9.0000000e+00   3.3226667e+03   7.3095333e+03
   9.1000000e+00   3.3228000e+03   7.4218000e+03
   9.2000000e+00   3.3361333e+03   7.5521333e+03
   9.3000000e+00   3.3291333e+03   7.6555333e+03
   9.4000000e+00   3.2938667e+03   7.8174000e+03
   9.5000000e+00   3.3220000e+03   7.9790000e+03
   9.6000000e+00   3.3184000e+03   8.2247333e+03
   9.7000000e+00   3.3184667e+03   8.3941333e+03
   9.8000000e+00   3.3266667e+03   8.5348000e+03
   9.9000000e+00   3.2926000e+03   8.5902667e+03
   1.0000000e+01   3.3004000e+03   8.7952667e+03
   1.0100000e+01   3.3355333e+03   8.9271333e+03
   1.0200000e+01   3.3542667e+03   9.0350667e+03
   1.0300000e+01   3.3598000e+03   9.1736000e+03
   1.0400000e+01   3.3699333e+03   9.3798667e+03
   1.0500000e+01   3.3656000e+03   9.5384667e+03
   1.0600000e+01   3.3637333e+03   9.6321333e+03
   1.0700000e+01   3.3847333e+03   9.9209333e+03
   1.0800000e+01   3.4047333e+03   1.0084200e+04
   1.0900000e+01   3.3668667e+03   1.0320333e+04
   1.1000000e+01   3.3848667e+03   1.0544067e+04
   1.1100000e+01   3.3869333e+03   1.0800000e+04
   1.1200000e+01   3.3919333e+03   1.0985000e+04
   1.1300000e+01   3.3740667e+03   1.1181067e+04
   1.1400000e+01   3.3881333e+03   1.1355667e+04
   1.1500000e+01   3.4073333e+03   1.1579133e+04
   1.1600000e+01   3.4201333e+03   1.1735533e+04
   1.1700000e+01   3.4439333e+03   1.1910400e+04
   1.1800000e+01   3.4688667e+03   1.1996867e+04
   1.1900000e+01   3.4880667e+03   1.2145267e+04
   1.2000000e+01   3.5366000e+03   1.2223867e+04
   1.2100000e+01   3.5554000e+03   1.2421800e+04
   1.2200000e+01   3.5854000e+03   1.2579533e+04
   1.2300000e+01   3.6208667e+03   1.2761933e+04
   1.2400000e+01   3.6132000e+03   1.2876400e+04
   1.2500000e+01   3.6466000e+03   1.3008400e+04
   1.2600000e+01   3.6527333e+03   1.3254933e+04
   1.2700000e+01   3.6340000e+03   1.3469533e+04
   1.2800000e+01   3.6477333e+03   1.3681333e+04
   1.2900000e+01   3.6670667e+03   1.3842600e+04
   1.3000000e+01   3.7058000e+03   1.4070200e+04
   1.3100000e+01   3.7034000e+03   1.4270867e+04
   1.3200000e+01   3.7117333e+03   1.4413467e+04
   1.3300000e+01   3.7700000e+03   1.4650333e+04
   1.3400000e+01   3.8067333e+03   1.4833667e+04
   1.3500000e+01   3.8516667e+03   1.4952867e+04
   1.3600000e+01   3.8746667e+03   1.5121533e+04
   1.3700000e+01   3.8644000e+03   1.5277533e+04
   1.3800000e+01   3.9039333e+03   1.5483600e+04
   1.3900000e+01   3.9179333e+03   1.5686133e+04
   1.4000000e+01   3.9292667e+03   1.5938067e+04
   1.4100000e+01   3.9580667e+03   1.6128200e+04
   1.4200000e+01   3.9423333e+03   1.6179400e+04
   1.4300000e+01   3.9554000e+03   1.6337467e+04
   1.4400000e+01   4.0232667e+03   1.6466333e+04
   1.4500000e+01   4.0326667e+03   1.6692267e+04
   1.4600000e+01   4.0414000e+03   1.6845733e+04
   1.4700000e+01   4.0339333e+03   1.6985333e+04
   1.4800000e+01   4.0647333e+03   1.7106333e+04
   1.4900000e+01   4.1315333e+03   1.7217000e+04
   1.5000000e+01   4.1186000e+03   1.7303333e+04
   1.5100000e+01   4.1252000e+03   1.7413800e+04
   1.5200000e+01   4.1638000e+03   1.7550533e+04
   1.5300000e+01   4.2034000e+03   1.7700733e+04
   1.5400000e+01   4.1843333e+03   1.7825133e+04
   1.5500000e+01   4.2188667e+03   1.7987067e+04
   1.5600000e+01   4.2852000e+03   1.8135533e+04
   1.5700000e+01   4.2856000e+03   1.8248333e+04
   1.5800000e+01   4.3430000e+03   1.8414267e+04
   1.5900000e+01   4.3338667e+03   1.8455267e+04
   1.6000000e+01   4.3800667e+03   1.8609133e+04
   1.6100000e+01   4.3674000e+03   1.8753933e+04
   1.6200000e+01   4.3824000e+03   1.8908133e+04
   1.6300000e+01   4.4226000e+03   1.9067800e+04
   1.6400000e+01   4.5016667e+03   1.9209600e+04
   1.6500000e+01   4.5187333e+03   1.9418200e+04
   1.6600000e+01   4.5852000e+03   1.9562067e+04
   1.6700000e+01   4.6599333e+03   1.9740400e+04
   1.6800000e+01   4.6802000e+03   1.9941000e+04
   1.6900000e+01   4.7723333e+03   2.0170267e+04
   1.7000000e+01   4.7864667e+03   2.0320067e+04
   1.7100000e+01   4.8278000e+03   2.0419267e+04
   1.7200000e+01   4.8943333e+03   2.0639933e+04
   1.7300000e+01   4.9714000e+03   2.0839933e+04
   1.7400000e+01   5.0382667e+03   2.1039867e+04
   1.7500000e+01   5.0995333e+03   2.1179933e+04
   1.7600000e+01   5.1544000e+03   2.1325600e+04
   1.7700000e+01   5.2332667e+03   2.1461333e+04
   1.7800000e+01   5.3095333e+03   2.1699667e+04
   1.7900000e+01   5.3686000e+03   2.1940467e+04
   1.8000000e+01   5.4263333e+03   2.2158200e+04
   1.8100000e+01   5.4842000e+03   2.2362333e+04
   1.8200000e+01   5.5406667e+03   2.2583667e+04
   1.8300000e+01   5.6049333e+03   2.2820200e+04
   1.8400000e+01   5.6621333e+03   2.3033600e+04
   1.8500000e+01   5.7066000e+03   2.3222533e+04
   1.8600000e+01   5.8112000e+03   2.3480600e+04
   1.8700000e+01   5.8500000e+03   2.3651133e+04
   1.8800000e+01   5.9154667e+03   2.3861933e+04
   1.8900000e+01   5.9500667e+03   2.4107933e+04
   1.9000000e+01   6.0283333e+03   2.4232400e+04
   1.9100000e+01   6.0951333e+03   2.4455333e+04
   1.9200000e+01   6.1402000e+03   2.4619400e+04
   1.9300000e+01   6.2575333e+03   2.4944200e+04
   1.9400000e+01   6.2861333e+03   2.5046867e+04
   1.9500000e+01   6.3800000e+03   2.5261267e+04
   1.9600000e+01   6.4355333e+03   2.5466200e+04
   1.9700000e+01   6.4968000e+03   2.5622000e+04
   1.9800000e+01   6.6078000e+03   2.5791867e+04
   1.9900000e+01   6.6373333e+03   2.5948800e+04
   2.0000000e+01   6.7028667e+03   2.6110533e+04
   2.0100000e+01   6.7204667e+03   2.5624933e+04
   2.0200000e+01   6.8150667e+03   2.5844267e+04
   2.0300000e+01   6.8616667e+03   2.6002200e+04
   2.0400000e+01   6.9286000e+03   2.6148533e+04
   2.0500000e+01   6.9838000e+03   2.6199533e+04
   2.0600000e+01   7.0628667e+03   2.6328533e+04
   2.0700000e+01   7.1562667e+03   2.6491667e+04
   2.0800000e+01   7.2158667e+03   2.6699333e+04
   2.0900000e+01   7.3075333e+03   2.6877000e+04
   2.1000000e+01   7.3276000e+03   2.6950267e+04
   2.1100000e+01   7.3726000e+03   2.7208333e+04
   2.1200000e+01   7.4664000e+03   2.7385733e+04
   2.1300000e+01   7.5132000e+03   2.7532333e+04
   2.1400000e+01   7.5698667e+03   2.7618733e+04
   2.1500000e+01   7.6386667e+03   2.7741333e+04
   2.1600000e+01   7.7398000e+03   2.7921067e+04
   2.1700000e+01   7.8328000e+03   2.8059267e+04
   2.1800000e+01   7.8915333e+03   2.8204733e+04
   2.1900000e+01   7.9197333e+03   2.8335533e+04
   2.2000000e+01   7.9801333e+03   2.8556733e+04
   2.2100000e+01   8.0105333e+03   2.8692133e+04
   2.2200000e+01   8.0783333e+03   2.8886867e+04
   2.2300000e+01   8.1646000e+03   2.8997333e+04
   2.2400000e+01   8.1822667e+03   2.9248267e+04
   2.2500000e+01   8.2368000e+03   2.9455400e+04
   2.2600000e+01   8.3067333e+03   2.9681733e+04
   2.2700000e+01   8.3799333e+03   2.9837600e+04
   2.2800000e+01   8.4454000e+03   3.0072400e+04
   2.2900000e+01   8.5054667e+03   3.0167800e+04
   2.3000000e+01   8.5912667e+03   3.0402400e+04
   2.3100000e+01   8.6650667e+03   3.0567000e+04
   2.3200000e+01   8.7045333e+03   3.0763333e+04
   2.3300000e+01   8.7621333e+03   3.0918800e+04
   2.3400000e+01   8.8030667e+03   3.1102933e+04
   2.3500000e+01   8.8452667e+03   3.1236800e+04
   2.3600000e+01   8.8895333e+03   3.1376267e+04
   2.3700000e+01   8.9233333e+03   3.1557067e+04
   2.3800000e+01   8.9864667e+03   3.1737133e+04
   2.3900000e+01   9.0109333e+03   3.1754867e+04
   2.4000000e+01   9.0490000e+03   3.1895200e+04
   2.4100000e+01   9.1098000e+03   3.2081200e+04
   2.4200000e+01   9.1392667e+03   3.2190667e+04
   2.4300000e+01   9.2192000e+03   3.2375933e+04
   2.4400000e+01   9.2038000e+03   3.2503067e+04
   2.4500000e+01   9.2638000e+03   3.2744600e+04
   2.4600000e+01   9.3179333e+03   3.2826333e+04
   2.4700000e+01   9.3256667e+03   3.2993600e+04
   2.4800000e+01   9.3693333e+03   3.3167133e+04
   2.4900000e+01   9.4233333e+03   3.3441600e+04
   2.5000000e+01   9.4416000e+03   3.3643600e+04
   2.5100000e+01   9.4938000e+03   3.3829133e+04
   2.5200000e+01   9.5405333e+03   3.3962333e+04
   2.5300000e+01   9.5723333e+03   3.4192600e+04
   2.5400000e+01   9.6321333e+03   3.4365267e+04
   2.5500000e+01   9.6848000e+03   3.4625267e+04
   2.5600000e+01   9.7227333e+03   3.4812667e+04
   2.5700000e+01   9.7416667e+03   3.5083733e+04
   2.5800000e+01   9.7843333e+03   3.5237600e+04
   2.5900000e+01   9.7961333e+03   3.5322400e+04
   2.6000000e+01   9.8197333e+03   3.5473067e+04
   2.6100000e+01   9.8749333e+03   3.5575933e+04
   2.6200000e+01   9.8497333e+03   3.5647000e+04
   2.6300000e+01   9.9041333e+03   3.5836600e+04
   2.6400000e+01   9.9817333e+03   3.5987333e+04
   2.6500000e+01   1.0003733e+04   3.6066800e+04
   2.6600000e+01   1.0050800e+04   3.6221933e+04
   2.6700000e+01   1.0066800e+04   3.6300400e+04
   2.6800000e+01   1.0096867e+04   3.6429600e+04
   2.6900000e+01   1.0108800e+04   3.6560067e+04
   2.7000000e+01   1.0093067e+04   3.6554667e+04
   2.7100000e+01   1.0135533e+04   3.6717733e+04
   2.7200000e+01   1.0180867e+04   3.6746133e+04
   2.7300000e+01   1.0221200e+04   3.6874400e+04
   2.7400000e+01   1.0222733e+04   3.6983133e+04
   2.7500000e+01   1.0272133e+04   3.7151867e+04
   2.7600000e+01   1.0272600e+04   3.7243333e+04
   2.7700000e+01   1.0296600e+04   3.7350467e+04
   2.7800000e+01   1.0291467e+04   3.7552667e+04
   2.7900000e+01   1.0250867e+04   3.7680800e+04
   2.8000000e+01   1.0291200e+04   3.7830000e+04
   2.8100000e+01   1.0324800e+04   3.7991200e+04
   2.8200000e+01   1.0327667e+04   3.8095267e+04
   2.8300000e+01   1.0364333e+04   3.8273533e+04
   2.8400000e+01   1.0385267e+04   3.8345267e+04
   2.8500000e+01   1.0406067e+04   3.8475200e+04
   2.8600000e+01   1.0418867e+04   3.8512333e+04
   2.8700000e+01   1.0426200e+04   3.8612533e+04
   2.8800000e+01   1.0423200e+04   3.8707067e+04
   2.8900000e+01   1.0460400e+04   3.8745267e+04
   2.9000000e+01   1.0483933e+04   3.8797067e+04
   2.9100000e+01   1.0511533e+04   3.8971133e+04
   2.9200000e+01   1.0529067e+04   3.9053733e+04
   2.9300000e+01   1.0547267e+04   3.9168333e+04
   2.9400000e+01   1.0578467e+04   3.9288400e+04
   2.9500000e+01   1.0595867e+04   3.9339600e+04
   2.9600000e+01   1.0589400e+04   3.9461067e+04
   2.9700000e+01   1.0587133e+04   3.9574400e+04
   2.9800000e+01   1.0565000e+04   3.9628533e+04
   2.9900000e+01   1.0619067e+04   3.9712667e+04
   3.0000000e+01   1.0629933e+04   3.9782133e+04
   3.0100000e+01   1.0654800e+04   3.9774200e+04
   3.0200000e+01   1.0648133e+04   3.9858867e+04
   3.0300000e+01   1.0665133e+04   3.9945800e+04
   3.0400000e+01   1.0668933e+04   4.0001733e+04
   3.0500000e+01   1.0659400e+04   4.0108933e+04
   3.0600000e+01   1.0674333e+04   4.0265600e+04
   3.0700000e+01   1.0705867e+04   4.0397867e+04
   3.0800000e+01   1.0730200e+04   4.0432000e+04
   3.0900000e+01   1.0724133e+04   4.0607133e+04
   3.1000000e+01   1.0751933e+04   4.0694600e+04
   3.1100000e+01   1.0749067e+04   4.0767533e+04
   3.1200000e+01   1.0770400e+04   4.0855733e+04
   3.1300000e+01   1.0795000e+04   4.0891667e+04
   3.1400000e+01   1.0840333e+04   4.1024733e+04
   3.1500000e+01   1.0852800e+04   4.1059333e+04
   3.1600000e+01   1.0869467e+04   4.1222533e+04
   3.1700000e+01   1.0886000e+04   4.1257467e+04
   3.1800000e+01   1.0910800e+04   4.1380667e+04
   3.1900000e+01   1.0957267e+04   4.1429533e+04
   3.2000000e+01   1.0988867e+04   4.1549000e+04
   3.2100000e+01   1.0963933e+04   4.1659533e+04
   3.2200000e+01   1.1013400e+04   4.1738733e+04
   3.2300000e+01   1.0997600e+04   4.1777000e+04
   3.2400000e+01   1.1021467e+04   4.1825133e+04
   3.2500000e+01   1.1026533e+04   4.1882000e+04
   3.2600000e+01   1.1062533e+04   4.1912467e+04
   3.2700000e+01   1.1059933e+04   4.1939667e+04
   3.2800000e+01   1.1046067e+04   4.1974333e+04
   3.2900000e+01   1.1050133e+04   4.1953667e+04
   3.3000000e+01   1.1062333e+04   4.1978800e+04
   3.3100000e+01   1.1050400e+04   4.1996867e+04
   3.3200000e+01   1.1084867e+04   4.2020800e+04
   3.3300000e+01   1.1068533e+04   4.2074400e+04
   3.3400000e+01   1.1066333e+04   4.2085200e+04
   3.3500000e+01   1.1090667e+04   4.2092600e+04
   3.3600000e+01   1.1089000e+04   4.2194733e+04
   3.3700000e+01   1.1066533e+04   4.2172400e+04
   3.3800000e+01   1.1089867e+04   4.2216667e+04
   3.3900000e+01   1.1113667e+04   4.2198467e+04
   3.4000000e+01   1.1130333e+04   4.2192533e+04
   3.4100000e+01   1.1161733e+04   4.2155867e+04
   3.4200000e+01   1.1179933e+04   4.2228133e+04
   3.4300000e+01   1.1175867e+04   4.2259800e+04
   3.4400000e+01   1.1193200e+04   4.2312000e+04
   3.4500000e+01   1.1200733e+04   4.2355267e+04
   3.4600000e+01   1.1176333e+04   4.2413533e+04
   3.4700000e+01   1.1203867e+04   4.2477267e+04
   3.4800000e+01   1.1217533e+04   4.2499200e+04
   3.4900000e+01   1.1209800e+04   4.2548800e+04
   3.5000000e+01   1.1229400e+04   4.2557400e+04
   3.5100000e+01   1.1198133e+04   4.2570867e+04
   3.5200000e+01   1.1214533e+04   4.2602400e+04
   3.5300000e+01   1.1224533e+04   4.2590267e+04
   3.5400000e+01   1.1265267e+04   4.2621133e+04
   3.5500000e+01   1.1288200e+04   4.2706800e+04
   3.5600000e+01   1.1301667e+04   4.2797400e+04
   3.5700000e+01   1.1288400e+04   4.2779067e+04
   3.5800000e+01   1.1271733e+04   4.2884400e+04
   3.5900000e+01   1.1288600e+04   4.2946667e+04
   3.6000000e+01   1.1291933e+04   4.2987200e+04
   3.6100000e+01   1.1299600e+04   4.3006133e+04
   3.6200000e+01   1.1309800e+04   4.3042733e+04
   3.6300000e+01   1.1311067e+04   4.3145800e+04
   3.6400000e+01   1.1322667e+04   4.3104733e+04
   3.6500000e+01   1.1338133e+04   4.3123000e+04
   3.6600000e+01   1.1304467e+04   4.3133333e+04
   3.6700000e+01   1.1309200e+04   4.3214133e+04
   3.6800000e+01   1.1321867e+04   4.3219600e+04
   3.6900000e+01   1.1319667e+04   4.3235533e+04
   3.7000000e+01   1.1321467e+04   4.3254400e+04
   3.7100000e+01   1.1340733e+04   4.3314867e+04
   3.7200000e+01   1.1321067e+04   4.3347200e+04
   3.7300000e+01   1.1331600e+04   4.3305200e+04
   3.7400000e+01   1.1356200e+04   4.3325533e+04
   3.7500000e+01   1.1324600e+04   4.3357800e+04
   3.7600000e+01   1.1305600e+04   4.3383400e+04
   3.7700000e+01   1.1301533e+04   4.3376867e+04
   3.7800000e+01   1.1293333e+04   4.3415067e+04
   3.7900000e+01   1.1322267e+04   4.3430800e+04
   3.8000000e+01   1.1337200e+04   4.3490333e+04
   3.8100000e+01   1.1326533e+04   4.3436333e+04
   3.8200000e+01   1.1337533e+04   4.3483600e+04
   3.8300000e+01   1.1354400e+04   4.3478800e+04
   3.8400000e+01   1.1342800e+04   4.3504600e+04
   3.8500000e+01   1.1359667e+04   4.3519067e+04
   3.8600000e+01   1.1351133e+04   4.3575667e+04
   3.8700000e+01   1.1354333e+04   4.3556533e+04
   3.8800000e+01   1.1342267e+04   4.3514533e+04
   3.8900000e+01   1.1374467e+04   4.3554800e+04
   3.9000000e+01   1.1365800e+04   4.3583200e+04
   3.9100000e+01   1.1390600e+04   4.3587600e+04
   3.9200000e+01   1.1381133e+04   4.3611467e+04
   3.9300000e+01   1.1393800e+04   4.3647533e+04
   3.9400000e+01   1.1407467e+04   4.3666667e+04
   3.9500000e+01   1.1435667e+04   4.3673067e+04
   3.9600000e+01   1.1437133e+04   4.3724733e+04
   3.9700000e+01   1.1449400e+04   4.3766467e+04
   3.9800000e+01   1.1478133e+04   4.3722867e+04
   3.9900000e+01   1.1471600e+04   4.3686667e+04
   4.0000000e+01   1.1445933e+04   4.3717600e+04
